0,1,2,3,4,5,6,7,8,9,10,11,12,13,14,15,16,17,18,19,20,21,22,23,24,25,26,27,28,29,30,31,32,33,34,35,36,37,38,39,40,41,42,43,44,45,46,47,48,49,50,51,52,53,54,55,56,57,58,59,60,61,62,63,64,65,66,67,68,69,70,71,72,73,74,75,76,77,78,79,80,81,82,83,84,85,86,87,88,89,90,91,92,93,94,95,96,97,98,99,100,101,102,103,104,105,106,107,108,109,110,111,112,113,114,115,116,117,118,119,120,121,122,123,124,125,126,127,128,129,130,131,132,133,134,135,136,137,138,139,140,141,142,143,144,145,146,147,148,149,150,151,152,153,154,155,156,157,158,159,160,161,162,163,164,165,166,167,168,169,170,171
0,1160,712,1258,1180,2213,902,1801,1636,1237,312,338,1321,1082,1313,764,296,791,1199,794,1358,1660,23,2395,1062,2406,792,1316,828,590,336,2114,1759,1411,762,1186,1363,1973,1134,1253,288,1027,779,914,678,2394,2519,1110,943,1269,1278,1021,1499,1641,2345,415,941,1432,846,893,1632,1496,2022,2421,986,1778,337,1598,1951,205,1482,949,430,1384,1118,1001,1740,2245,1867,2095,2238,1803,1838,1566,2210,2312,2736,2763,2255,1908,2346,1546,2254,2576,2176,2178,1633,2224,2080,1567,854,39,1959,2170,2245,2231,1984,1714,1428,1559,1815,2005,2173,960,884,1371,1419,2362,1337,1713,2583,931,2230,1221,976,1201,1074,2175,1709,3074,1585,2367,1768,3035,1730,1537,1345,1846,2143,2124,1742,2007,2419,1893,1933,2230,1953,2437,2442,1230,1674,871,850,2640,1925,1783,1845,1877,2416,1093,1754,281,1452,982,1852,532,1006,959,514,1055,1347,5337
1160,0,546,432,690,1723,1105,1311,1146,747,804,1167,495,592,823,120,788,1421,38,304,868,1170,1346,1905,572,1982,302,826,124,1082,828,1624,1269,921,1392,302,873,1483,644,427,780,537,289,210,188,1904,2029,620,239,443,452,531,1009,1151,1423,444,451,942,142,403,1142,1006,1532,1931,496,1074,938,1108,742,978,992,1152,459,894,628,1204,1250,1755,1377,1605,1748,1313,1348,1076,1720,1822,2246,2273,1765,1418,1856,1056,1764,2086,1686,1688,1143,1734,1590,1077,1057,781,1469,1680,1755,786,1494,1224,938,1069,1325,1515,1683,1163,1087,881,593,2565,511,1916,2786,1134,1740,395,1179,711,1277,1685,1219,2370,1095,1877,1278,2331,1240,1047,855,1356,1653,1634,1252,1517,1929,1403,1443,1740,1463,1947,1952,526,1184,381,273,2150,1435,1293,1355,1387,1926,603,1264,882,962,492,1362,371,516,255,448,565,857,4913
712,546,0,624,763,1796,1178,1384,1219,820,877,1240,898,665,896,233,861,1494,657,377,941,1243,1419,1978,645,2055,375,899,168,1155,901,1697,1342,994,1465,494,946,1556,717,619,853,610,362,87,261,1977,2102,693,116,635,644,604,1082,1224,1496,321,524,1015,317,476,1215,1079,1605,2004,569,882,550,1181,1534,1051,1065,1225,336,967,701,1277,1323,1828,1450,1678,1821,1386,1421,1149,1793,1895,2319,2346,1838,1491,1929,1129,1837,2159,1759,1761,1216,1807,1663,1150,1130,445,1542,1753,1828,1149,1567,1297,1011,1142,1398,1588,1756,1236,1160,954,785,2638,884,1989,2859,1207,1813,587,1252,784,1350,1758,1292,2178,1168,1950,1351,2139,1313,1120,928,1429,1726,1707,1325,1590,2002,1476,1516,1813,1536,2020,2025,334,1257,454,433,2223,1508,1366,1428,1460,1999,676,1337,955,1035,565,1435,248,589,132,256,638,930,4986
1258,432,624,0,1123,1532,1538,1120,955,556,1237,1600,62,1025,1256,553,1221,1854,471,737,1301,979,1779,1714,706,2223,735,1259,557,1515,1261,1433,1702,1354,1825,153,682,688,761,21,1213,671,722,643,621,1713,1838,230,672,10,20,964,1442,960,1664,877,884,1375,575,836,1575,815,1341,1740,929,953,1371,917,336,1411,1425,1585,892,703,745,1637,1059,1564,1186,1414,1557,1122,1157,885,1529,1631,2055,2082,1574,1227,1665,865,1573,1895,1495,1497,952,1543,1399,886,1490,1214,551,1489,654,352,1303,1657,747,878,1134,1324,1492,1596,1520,378,187,2998,77,2349,3219,1567,466,95,1612,420,1710,689,566,2249,904,1686,469,2210,375,856,664,425,362,1443,1061,1326,1738,1212,1252,1549,1272,1756,1761,647,1617,814,557,1959,1244,1102,1164,1196,1735,737,734,1315,771,626,1795,804,650,688,881,998,1290,5154
1180,690,763,1123,0,1629,1463,1213,949,1105,1162,1525,1186,138,369,632,1146,1779,1067,494,414,1938,1704,1811,1197,1290,388,430,696,1440,1186,1526,577,229,1750,1054,1231,791,650,1118,1138,1162,582,782,502,1810,1698,978,811,1134,1143,159,317,1919,731,1016,239,250,714,285,450,912,1434,1837,192,1646,1296,1876,1367,1336,300,1510,1031,1252,666,1562,1152,1661,1279,1507,1650,1215,1250,978,1626,1724,2254,2281,2000,1320,1762,958,1670,1992,2046,1689,1045,1636,1492,979,1415,1139,1375,1582,1661,1647,1400,532,1296,872,1413,1417,1585,1521,1445,1239,1404,2923,1648,2274,3144,1492,1646,1086,1537,1069,1635,1591,1125,3290,1001,1783,1184,3251,1146,953,761,1262,1559,1540,1055,1605,1337,1491,1531,1182,1287,1431,1436,1098,492,351,550,1273,1288,1381,1443,1475,1340,1228,572,1240,1320,1117,670,943,1141,827,1020,124,165,4221
2213,1723,1796,1532,1629,0,2266,753,1073,1267,1965,2328,1365,1753,1984,1435,1949,2947,1384,1465,2029,678,2507,370,1240,2341,1463,1384,1499,3385,1989,1551,1031,1884,2918,1147,800,1066,1295,1297,1941,1205,1450,1585,1349,550,67,1071,1614,1313,1322,1692,1972,659,1782,1819,1612,1905,1517,1564,2105,1290,1459,577,1657,2182,2099,616,648,2139,1955,2313,1834,821,1279,2365,1177,128,1304,1532,550,1240,1275,1003,93,281,939,966,516,791,321,647,137,508,562,1487,723,1661,1517,1004,2218,1942,414,1607,700,686,140,1208,865,996,1252,1442,1610,2324,2248,1356,824,3726,1381,3077,3947,2295,685,1265,2340,1184,2438,630,621,2032,1379,523,486,1993,642,1331,1139,592,598,280,1179,1444,1856,1330,1370,1667,1772,1874,1879,1901,2147,1542,1285,2077,1362,1220,1282,1314,1853,1271,1112,2043,889,1160,1010,1746,1184,1630,1823,1726,1820,5272
902,1105,1178,1538,1463,2266,0,2131,1966,1567,685,581,1651,1412,1643,1094,752,482,1529,1124,1688,1990,762,2725,1392,2097,1122,1646,1158,920,709,2444,2247,1899,453,1516,1693,2461,2320,1583,661,1357,1109,1244,1008,2724,2849,1440,1273,1599,1608,1351,1987,1971,2229,1139,1271,1920,1176,1223,2120,1826,2352,2751,1316,2108,1076,1928,2281,942,1970,589,1154,1714,1448,641,2070,2575,2197,2425,2568,2133,2168,1896,2540,2642,3066,3093,2585,2238,2676,1876,2584,2906,2506,2508,1963,2554,2410,1897,254,776,2289,2500,2575,2561,2314,2202,1758,1889,2538,2335,2503,268,524,1701,1749,1647,1667,998,1868,28,2560,1551,253,1531,171,2505,2039,3028,1915,2697,2098,2989,2060,1867,1675,2176,2473,2454,2072,2730,2462,2616,2656,2307,2412,2556,2561,1560,2162,1201,1180,2398,2413,2506,2568,2600,2465,1423,2242,1020,1782,1312,2340,1405,1336,1289,1482,1385,1835,5028
1801,1311,1384,1120,1213,753,2131,0,887,694,1783,2146,1183,1571,1802,1253,1767,2761,1202,1283,1847,347,2325,751,1058,2155,1281,1202,1317,2061,1807,465,849,1698,2732,965,614,884,1113,1115,1759,1023,1268,1403,1167,202,870,889,1432,1131,1140,1510,1786,328,1596,1637,1430,1719,1335,1382,1919,773,373,246,1475,2267,1917,285,1228,1957,1769,2131,1652,635,1097,2183,91,949,98,446,589,154,189,94,914,663,1195,1222,606,90,702,236,958,512,527,529,188,575,517,149,2036,1760,1217,521,1503,1489,943,1026,484,810,492,356,568,2142,2066,937,1265,3544,1199,2895,3765,2113,1488,1083,2158,1002,2256,1433,986,2835,862,273,1045,2796,1007,814,622,1123,1401,1083,993,684,714,570,610,1481,630,732,737,1719,1009,1360,1103,1891,688,460,522,554,711,1089,930,1861,432,978,828,1564,1002,1448,1641,1544,1634,5086
1636,1146,1219,955,949,1073,1966,887,0,1341,2181,2621,1581,1565,1796,1651,2165,2448,1600,1681,1841,2205,2800,1475,1456,1842,1679,1260,1715,2886,2769,1189,1085,1385,2419,1363,584,1299,1158,1513,2157,1421,1666,1801,1565,2077,1594,1287,1830,1529,1538,1586,825,2186,1283,2035,1666,758,1733,1712,958,1420,1097,2104,1619,2665,2315,2143,1875,2355,808,2606,2050,563,1174,2658,815,1673,942,1170,1313,878,913,826,1638,1387,1854,1881,1330,983,1426,1195,1682,1236,1251,1253,1081,1299,1198,771,2511,2158,1883,1245,2169,2155,1667,1040,547,558,480,1080,1291,2617,2541,1584,1912,3942,1597,3293,4163,2588,2154,1481,2633,1400,2731,2099,1633,3559,1509,2050,1692,3520,1654,1461,1269,1770,2067,1807,106,381,505,415,375,316,421,523,528,2117,1000,1778,1501,1356,288,448,510,432,502,1487,1080,2259,495,1376,1178,1962,1400,1846,2039,1551,1321,4773
1237,747,820,556,1105,1267,1567,694,1341,0,1314,2486,638,1430,1661,784,1298,2313,657,814,1706,463,2665,1198,589,1707,1680,733,848,2751,2634,917,1598,1250,2284,420,166,415,644,570,2599,554,799,934,698,1197,1322,322,963,586,595,1451,1338,444,1148,1168,1531,1271,866,1577,1471,299,825,1224,1484,1798,1448,401,519,1488,1321,2471,1183,187,628,2523,543,1048,670,898,1041,606,641,369,1013,1115,1539,1566,1058,711,1149,349,1057,1379,979,981,436,1027,883,370,2376,1291,762,973,1048,1034,787,1553,231,362,618,808,976,2482,2406,319,791,4690,654,3235,4911,2453,1033,538,2498,257,2596,978,512,2677,388,1170,571,2638,533,340,148,414,946,927,545,810,1222,696,736,1033,756,1240,1245,1250,1513,1643,634,1443,728,586,648,680,1219,620,461,1392,255,509,475,1095,533,979,1172,1416,1186,4638
312,804,877,1237,1162,1965,685,1783,2181,1314,0,26,1648,1409,1640,1091,749,479,1526,1121,1685,1987,205,2722,1389,2094,1119,1643,1155,917,174,2441,2244,1896,450,1513,1690,2458,2317,1580,139,1354,1106,1241,1005,2721,2846,1437,1270,1596,1605,1348,1984,1968,2226,597,1268,1917,1173,1220,2117,1823,2349,2748,1313,2105,519,1925,2278,387,1967,637,612,1711,2333,689,2067,2572,2194,2422,2565,2130,2165,1893,2537,2639,3063,3090,2582,2235,2673,1873,2581,2903,2503,2505,1960,2551,2407,1894,542,221,2286,2497,2572,2558,2311,2199,1755,1886,2535,2332,2500,648,572,1698,1746,2050,1664,1401,2271,619,2557,1548,664,1528,762,2502,2036,3076,1912,2694,2095,3037,2057,1864,1672,2173,2470,2451,2069,2727,2459,2613,2653,2304,2409,2553,2558,1557,2159,1198,1177,2395,2410,2503,2565,2597,2462,1420,2239,463,1779,1309,2337,1402,1333,1286,1479,1382,1832,5025
338,1167,1240,1600,1525,2328,581,2146,2621,2486,26,0,1391,1152,1383,834,452,643,1269,864,1428,1730,179,2465,1132,2258,862,1386,898,660,148,2184,2408,2060,614,1256,1433,2622,1204,1323,113,1097,849,984,748,2464,2589,1180,1013,1339,1348,1091,2148,1711,2390,571,1011,2081,916,963,2281,1566,2092,2491,1056,1848,493,1668,2021,361,2131,801,586,1454,1188,853,1810,2315,1937,2165,2308,1873,1908,1636,2280,2382,2806,2833,2325,1978,2416,1616,2324,2646,2246,2248,1703,2294,2150,1637,706,195,2029,2240,2315,2301,2054,2363,1498,1629,1885,2075,2243,812,736,1441,1489,2214,1407,1565,2435,783,2300,1291,828,1271,926,2245,1779,3240,1655,2437,1838,3201,1800,1607,1415,1916,2213,2194,1812,2077,2623,1963,2003,2468,2573,2717,2722,1300,2323,941,920,2559,2574,1853,1915,1947,2626,1163,2403,437,1522,1052,2501,1145,1076,1029,1222,1125,1996,5189
1321,495,898,62,1186,1365,1651,1183,1581,638,1648,1391,0,1564,1795,616,1760,2393,534,1276,1840,1042,2318,1777,769,2286,1274,1798,620,2054,1800,1496,2241,1893,2364,216,745,751,824,84,1752,734,1261,986,1160,1776,1901,293,1015,52,42,1503,1981,1023,1727,1220,1423,1914,638,1375,2114,878,1404,1803,1468,890,1449,980,352,1950,1964,2124,1235,766,808,2176,1122,1627,1249,1477,1620,1185,1220,948,1592,1694,2118,2145,1637,1290,1728,928,1636,1958,1558,1560,1015,1606,1462,949,2029,1344,562,1552,591,289,1366,2196,810,941,1197,1387,1555,2135,2059,441,250,3537,14,2888,3758,2106,403,158,2151,483,2249,609,629,2186,967,1749,532,2147,438,919,727,488,378,1506,1124,1389,1801,1275,1315,1612,1335,1819,1824,584,2156,1353,620,2022,1307,1165,1227,1259,1798,800,797,1854,834,689,2334,1147,713,1031,960,1537,1829,5217
1082,592,665,1025,138,1753,1412,1571,1565,1430,1409,1152,1564,0,229,534,1048,1681,969,396,274,2078,1606,1951,664,1430,290,289,598,1342,1088,1884,717,369,1652,956,1133,931,790,1020,1040,629,484,684,404,1950,1838,880,713,1036,1045,61,457,2059,871,918,141,390,616,187,590,1052,1792,1977,94,1548,1198,2016,1507,1238,440,1412,933,1154,806,1464,1510,1801,1637,1865,2008,1573,1608,1336,1766,2082,2394,2421,2140,1678,1902,1316,1810,2132,2186,1829,1403,1994,1850,1337,1317,1041,1515,1940,1801,1787,1540,672,1198,1012,1553,1775,1943,1423,1347,1141,1186,2825,1550,2176,3046,1394,1786,988,1439,971,1537,1731,1265,3430,1141,1923,1324,3391,1286,1093,901,1402,1699,1680,1195,1745,1477,1631,1671,1322,1427,1571,1576,1000,632,253,452,1413,1428,1521,1583,1615,1480,695,712,1142,1222,584,810,845,608,729,922,26,305,4361
1313,823,896,1256,369,1984,1643,1802,1796,1661,1640,1383,1795,229,0,812,1326,1959,1247,674,45,1884,1884,1757,1143,2163,568,610,876,1620,1366,1472,523,175,1930,1050,1411,737,596,1298,1318,1108,762,962,682,1756,1644,974,991,1314,1323,339,263,1865,1604,1196,419,196,894,465,396,858,1380,1783,372,1826,1476,1822,1313,1516,246,1690,1211,1432,612,1742,1098,1607,1225,1453,1596,1161,1196,924,1572,1670,2200,2227,1946,1266,1708,904,1616,1938,1992,1635,991,1582,1438,925,1595,1319,1321,1528,1607,1593,1346,478,1476,818,1653,1363,1531,1701,1625,1022,1350,3103,1828,2454,3324,1672,1592,1266,1717,1249,1815,1537,1071,3236,947,1729,1130,3197,1092,899,707,1208,1505,1486,1001,1277,1678,1731,1771,1489,1594,1696,1701,1278,438,531,730,1899,1184,1621,1683,1715,1675,1174,518,1420,1500,1063,616,1123,1087,1007,1200,304,111,5094
764,120,233,553,632,1435,1094,1253,1651,784,1091,834,616,534,812,0,733,1366,654,249,813,1115,1291,1850,517,2359,247,771,64,1027,773,1569,1214,866,1337,465,818,1428,589,590,725,482,234,254,133,1849,1974,565,163,606,615,476,954,1096,1800,368,396,887,186,348,1087,951,1477,1876,441,1118,597,1053,1406,923,937,1097,383,839,573,1149,1195,1700,1322,1550,1693,1258,1293,1021,1665,1767,2191,2218,1710,1363,1801,1001,1709,2031,1631,1633,1088,1679,1535,1022,1002,726,1414,1625,1700,1686,1439,1169,883,1014,1270,1460,1628,1108,1032,826,756,2510,1120,1861,2731,1079,1685,558,1124,656,1222,1630,1164,2414,1040,1822,1223,2375,1185,992,800,1301,1598,1579,1197,1462,1874,1348,1388,1685,1408,1892,1897,570,1129,326,305,2095,1380,1238,1300,1332,1871,548,1209,827,907,437,1307,295,461,179,212,510,802,5290
296,788,861,1221,1146,1949,752,1767,2165,1298,749,452,1760,1048,1326,733,0,776,1184,779,1343,1645,374,2380,1047,2391,777,1301,813,575,321,2099,1744,1396,747,1171,1348,1958,1119,1238,273,1012,764,899,663,2379,2504,1095,928,1254,1263,1006,1484,1626,2330,400,926,1417,831,878,1617,1481,2007,2406,971,1763,322,1583,1936,190,1467,934,415,1369,1103,986,1725,2230,1852,2080,2223,1788,1823,1551,2195,2297,2721,2748,2240,1893,2331,1531,2239,2561,2161,2163,1618,2209,2065,1552,839,24,1944,2155,2230,2216,1969,1699,1413,1544,1800,1990,2158,945,869,1356,1404,2347,1322,1698,2568,916,2215,1206,961,1186,1059,2160,1694,3059,1570,2352,1753,3020,1715,1522,1330,1831,2128,2109,1727,1992,2404,1878,1918,2215,1938,2422,2427,1215,1659,856,835,2625,1910,1768,1830,1862,2401,1078,1739,266,1437,967,1837,517,991,944,499,1040,1332,5322
791,1421,1494,1854,1779,2947,482,2761,2448,2313,479,643,2393,1681,1959,1366,776,0,1193,788,1352,1654,277,2389,1056,2166,786,1310,822,584,246,2108,2316,1968,522,1180,1357,2530,1128,1247,211,1021,773,908,672,2388,2513,1104,937,1263,1272,1015,2056,1635,2298,803,935,1989,840,887,2189,1490,2016,2415,980,1772,591,1592,1945,459,2039,709,818,1378,1112,761,1734,2239,1861,2089,2232,1797,1832,1560,2204,2306,2730,2757,2249,1902,2340,1540,2248,2570,2170,2172,1627,2218,2074,1561,614,293,1953,2164,2239,2225,1978,2271,1422,1553,1809,1999,2167,720,644,1365,1413,2122,1331,1473,2343,691,2224,1215,736,1195,834,2169,1703,3148,1579,2361,1762,3109,1724,1531,1339,1840,2137,2118,1736,2001,2531,1887,1927,2376,2481,2625,2630,1224,2231,865,844,2467,2482,1777,1839,1871,2534,1087,2311,535,1446,976,2409,1069,1000,953,1146,1049,1904,5097
1199,38,657,471,1067,1384,1529,1202,1600,657,1526,1269,534,969,1247,654,1184,1193,0,266,830,1132,1308,1867,534,1944,264,788,86,1044,790,1586,1231,883,1354,341,835,1445,606,466,742,499,251,172,150,1866,1991,582,201,482,491,493,971,1113,1385,406,413,904,104,365,1104,968,1494,1893,458,1036,900,1070,1423,940,954,1114,421,856,590,1166,1212,1717,1339,1567,1710,1275,1310,1038,1682,1784,2208,2235,1727,1380,1818,1018,1726,2048,1648,1650,1105,1696,1552,1039,1019,743,1431,1642,1717,825,1456,1186,900,1031,1287,1477,1645,1125,1049,843,632,2527,550,1878,2748,1096,1702,434,1141,673,1239,1647,1181,2332,1057,1839,1240,2293,1202,1009,817,1318,1615,1596,1214,1479,1509,1365,1405,1702,1425,1527,1532,488,1146,343,322,2112,1483,1255,1317,1349,1506,565,1226,844,924,454,1324,333,478,217,410,527,819,4875
794,304,377,737,494,1465,1124,1283,1681,814,1121,864,1276,396,674,249,779,788,266,0,672,1142,1318,1877,376,1786,106,630,310,1054,800,1596,1073,725,1364,668,845,1287,431,732,752,341,93,396,116,1876,2001,592,425,748,757,335,813,1123,1227,630,255,746,328,207,946,978,1504,1903,300,1260,910,1080,1433,950,796,1124,645,866,415,1176,1222,1727,1349,1577,1720,1285,1320,1048,1692,1794,2218,2245,1737,1390,1828,1028,1736,2058,1658,1660,1115,1706,1562,1049,1029,753,1441,1652,1727,1713,1466,1028,910,1041,1297,1487,1655,1135,1059,853,898,2537,1262,1888,2758,1106,1712,700,1151,683,1249,1657,1191,2556,1067,1849,1250,2517,1212,1019,827,1328,1625,1606,1224,1489,1901,1375,1415,1712,1435,1919,1924,712,988,185,164,1769,1407,1265,1327,1359,1898,407,1068,854,934,296,1166,557,320,441,634,369,661,4717
1358,868,941,1301,414,2029,1688,1847,1841,1706,1685,1428,1840,274,45,813,1343,1352,830,672,0,1839,1839,1712,1098,2118,523,565,831,1575,1321,1427,478,130,1885,1005,1366,692,551,1253,1273,1063,717,917,637,1711,1599,929,946,1269,1278,294,218,1820,1559,1151,374,151,849,420,351,813,1335,1738,327,1781,1431,1777,1268,1471,201,1645,1166,1387,567,1697,1053,1562,1180,1408,1551,1116,1151,879,1527,1625,2155,2182,1901,1221,1663,859,1571,1893,1947,1590,946,1537,1393,880,1550,1274,1276,1483,1562,1548,1301,433,1431,773,1608,1318,1486,1656,1580,977,1305,3058,1783,2409,3279,1627,1547,1221,1672,1204,1770,1492,1026,3191,902,1684,1085,3152,1047,854,662,1163,1460,1441,956,1232,1633,1686,1726,1444,1549,1651,1656,1233,393,486,685,1854,1139,1576,1638,1670,1630,1129,473,1375,1455,1018,571,1078,1042,962,1155,259,66,5049
1660,1170,1243,979,1938,678,1990,347,2205,463,1987,1730,1042,2078,1884,1115,1645,1654,1132,1142,1839,0,1827,1157,560,1661,783,704,819,2705,1309,871,351,1204,2238,467,120,386,615,617,1261,525,770,905,669,394,1276,391,934,633,642,1012,1292,398,1102,1139,932,1225,837,884,1425,610,779,438,977,1769,1419,355,1065,1459,1275,1633,1154,141,599,1685,497,1355,624,852,995,560,595,323,1320,1069,1493,1520,1012,665,1108,303,1364,918,933,935,390,981,837,324,1538,1262,1073,927,1359,1345,1349,528,185,316,572,762,930,1644,1568,676,783,3046,701,2397,3267,1615,1344,585,1660,504,1758,1289,823,3241,699,475,882,3202,844,651,459,960,1257,1489,499,764,1176,650,690,987,1092,1194,1199,1221,1467,862,605,1397,682,540,602,634,1173,591,432,1363,209,480,330,1066,504,950,1143,1046,1140,4592
23,1346,1419,1779,1704,2507,762,2325,2800,2665,205,179,2318,1606,1884,1291,374,277,1308,1318,1839,1827,0,2372,1039,2383,769,1293,805,567,313,2091,1736,1388,739,1163,1340,1950,1111,1230,265,1004,756,891,655,2371,2496,1087,920,1246,1255,998,1476,1618,2322,392,918,1409,823,870,1609,1473,1999,2398,963,1755,314,1575,1928,182,1459,926,407,1361,1095,978,1717,2222,1844,2072,2215,1780,1815,1543,2187,2289,2713,2740,2232,1885,2323,1523,2231,2553,2153,2155,1610,2201,2057,1544,831,16,1936,2147,2222,2208,1961,1691,1405,1536,1792,1982,2150,937,861,1348,1396,2339,1314,1690,2560,908,2207,1198,953,1178,1051,2152,1686,3051,1562,2344,1745,3012,1707,1514,1322,1823,2120,2101,1719,1984,2396,1870,1910,2207,1930,2414,2419,1207,1651,848,827,2617,1902,1760,1822,1854,2393,1070,1731,258,1429,959,1829,509,983,936,491,1032,1324,5314
2395,1905,1978,1714,1811,370,2725,751,1475,1198,2722,2465,1777,1951,1757,1850,2380,2389,1867,1877,1712,1157,2372,0,1270,2367,1493,1414,1529,2273,2019,129,1061,1910,2944,1177,826,1096,1325,1327,1971,1235,1480,1615,1379,1017,534,1101,1644,1343,1352,1722,1998,1126,1808,1849,1642,1931,1547,1594,2131,985,37,1044,1687,2649,2129,1083,1115,2169,1981,2343,1864,847,1309,2395,303,613,330,344,179,209,175,459,578,327,859,373,145,371,366,1114,622,137,191,193,469,239,415,514,2248,1972,881,419,1167,1153,607,1238,696,1022,704,20,466,2354,2278,1149,1477,3756,1411,3107,3977,2325,1152,1295,2370,1214,2468,1097,1198,2499,1074,990,953,2460,1219,1026,834,1335,1065,747,1205,896,926,782,822,1693,842,944,949,1931,1221,1572,1315,2103,900,672,734,766,923,1301,1142,2073,644,1190,1040,1776,1214,1660,1853,1756,1846,5298
1062,572,645,706,1197,1240,1392,1058,1456,589,1389,1132,769,664,1143,517,1047,1056,534,376,1098,560,1039,1270,0,1967,588,398,624,1368,1114,1177,285,1207,1678,487,426,99,296,637,1066,247,575,710,474,1442,1330,411,739,653,662,817,1295,1551,1408,944,737,1228,642,689,267,544,1085,1469,782,1574,1224,1508,999,1264,1278,1438,959,447,312,1490,803,1293,930,1158,1301,866,901,629,1258,1375,1799,1826,1318,971,1394,609,1302,1624,1239,1241,696,1287,1143,630,1343,1067,1007,1233,1293,1279,1032,241,491,622,878,1068,1236,1449,1373,708,1036,2851,721,2202,3072,1420,1278,605,1465,524,1563,1223,757,2922,633,1415,816,2883,778,585,393,894,1191,1172,805,1070,1482,956,996,1293,1016,1500,1505,1026,224,667,410,1703,988,846,908,940,1479,29,145,1168,515,285,159,871,309,755,948,851,1143,4898
2406,1982,2055,2223,1290,2341,2097,2155,1842,1707,2094,2258,2286,1430,2163,2359,2391,2166,1944,1786,2118,1661,2383,2367,1967,0,816,858,1124,1887,1770,1683,734,386,1420,1261,1173,948,807,1411,1735,1319,1010,1210,930,1967,1855,1185,1239,1427,1436,587,474,2076,233,1444,667,407,1142,713,607,1069,1591,1994,620,2074,1724,2033,1524,1909,457,1607,1459,1194,823,1659,1309,1818,1436,1629,1807,1372,1407,1135,1783,1881,2214,2241,2157,1477,1919,1115,1827,2149,1806,1846,1202,1793,1558,1136,1512,1567,1532,1800,1818,1804,1557,689,1238,1029,1007,1574,1651,1618,1542,1233,1561,3826,2076,2371,4047,1589,1803,1379,1634,1171,1732,1748,1282,3447,1158,1940,1341,3408,1303,1110,918,1419,1716,1697,1212,1199,931,1085,1125,776,881,1025,1030,1526,649,779,978,867,882,975,1037,1069,934,1385,729,1668,1262,1274,827,1371,1298,1255,1448,552,322,3723
792,302,375,735,388,1463,1122,1281,1679,1680,1119,862,1274,290,568,247,777,786,264,106,523,783,769,1493,588,816,0,524,308,1052,798,1594,967,619,1362,666,843,1181,342,730,750,339,194,394,114,1874,1999,590,423,746,755,229,707,1121,1121,628,149,640,326,101,840,976,1502,1901,194,1258,908,1078,1431,948,690,1122,643,864,326,1174,1220,1725,1347,1575,1718,1283,1318,1046,1690,1792,2216,2243,1735,1388,1826,1026,1734,2056,1656,1658,1113,1704,1560,1047,1027,751,1439,1650,1725,1711,1464,922,908,1039,1295,1485,1653,1133,1057,851,896,2535,1260,1886,2756,1104,1710,698,1149,681,1247,1655,1189,2554,1065,1847,1248,2515,1210,1017,825,1326,1623,1604,1222,1487,1727,1373,1413,1710,1433,1917,1922,710,882,79,162,1663,1405,1263,1325,1357,1730,405,962,852,932,294,1060,555,318,439,632,263,555,4611
1316,826,899,1259,430,1384,1646,1202,1260,733,1643,1386,1798,289,610,771,1301,1310,788,630,565,704,1293,1414,398,858,524,0,1011,1755,1501,1607,658,310,2065,1185,1546,872,349,1433,1453,363,897,1097,817,1891,1779,1109,1126,1449,1458,474,398,2000,1739,1331,554,331,1029,600,531,993,1515,1918,507,1961,1611,1957,1448,1651,381,1825,1346,1567,333,1877,1233,1742,1360,1588,1731,1296,1331,1059,1707,1805,2335,2362,2081,1401,1843,1039,1751,2073,2127,1770,1126,1717,1573,1060,1730,1454,1456,1663,1742,1728,1481,613,1611,953,1788,1498,1666,1836,1760,1157,1485,3238,1963,2589,3459,1807,1727,1401,1852,1384,1950,1672,1206,3371,1082,1864,1265,3332,1227,1034,842,1343,1640,1621,1136,1412,1813,1866,1906,1624,1729,1831,1836,1413,573,666,865,2034,1319,1756,1818,1850,1810,1309,653,1555,1635,1198,751,1258,1222,1142,1335,439,246,5229
828,124,168,557,696,1499,1158,1317,1715,848,1155,898,620,598,876,64,813,822,86,310,831,819,805,1529,624,1124,308,1011,0,747,834,1630,1275,927,1398,702,879,1489,650,654,786,543,295,216,194,1910,2035,626,98,670,679,537,1015,1157,1429,303,457,948,148,409,1148,1012,1538,1937,502,1080,532,1114,1467,621,998,1158,318,900,634,1210,1256,1761,1383,1611,1754,1319,1354,1082,1726,1828,2252,2279,1771,1424,1862,1062,1770,2092,1692,1694,1149,1740,1596,1083,1063,427,1475,1686,1761,1747,1500,1230,944,1075,1331,1521,1689,1169,1093,887,820,2571,1082,1922,2792,1140,1746,622,1185,717,1283,1691,1225,2376,1101,1883,1284,2337,1246,1053,861,1362,1659,1640,1258,1523,1935,1409,1449,1746,1469,1953,1958,532,1190,387,366,2156,1441,1299,1361,1393,1932,609,1270,495,968,498,1368,230,522,114,147,571,863,4919
590,1082,1155,1515,1440,3385,920,2061,2886,2751,917,660,2054,1342,1620,1027,575,584,1044,1054,1575,2705,567,2273,1368,1887,1052,1755,747,0,403,2011,1656,1308,829,1083,1260,1870,1031,1150,355,924,676,811,575,2291,2416,1007,414,1166,1175,918,1396,1538,2242,218,838,1329,743,790,1529,1393,1919,2318,883,1203,272,1495,1848,361,1379,1016,233,1281,1015,1068,1637,2142,1764,1992,2135,1700,1735,1463,2107,2209,2633,2660,2152,1805,2243,1443,2151,2473,2073,2075,1530,2121,1977,1464,921,167,1856,2067,2142,2128,1881,1611,1325,1456,1712,1902,2070,1027,951,1268,1316,2429,1205,1780,2650,998,2127,1118,1043,1098,1141,2072,1606,2499,1482,2264,1665,2460,1627,1434,1242,1743,2040,2021,1639,1904,2316,1790,1830,2127,1850,2334,2339,655,1571,768,747,2537,1822,1680,1742,1774,2313,990,1651,235,1349,879,1749,335,903,430,317,952,1244,5732
336,828,901,1261,1186,1989,709,1807,2769,2634,174,148,1800,1088,1366,773,321,246,790,800,1321,1309,313,2019,1114,1770,798,1501,834,403,0,2119,2392,2044,598,1191,1368,2606,1139,1258,124,1032,784,919,683,2399,2524,1115,948,1274,1283,1026,2132,1646,2374,445,946,2065,851,898,2265,1501,2027,2426,991,1783,367,1603,1956,235,2115,785,460,1389,1123,837,1745,2250,1872,2100,2243,1808,1843,1571,2215,2317,2741,2768,2260,1913,2351,1551,2259,2581,2181,2183,1638,2229,2085,1572,690,69,1964,2175,2250,2236,1989,2347,1433,1564,1820,2010,2178,796,720,1376,1424,2198,1342,1549,2419,767,2235,1226,812,1206,910,2180,1714,3224,1590,2372,1773,3185,1735,1542,1350,1851,2148,2129,1747,2012,2607,1898,1938,2235,1958,2701,2706,1235,2307,876,855,2543,1930,1788,1850,1882,2610,1098,2387,311,1457,987,2485,562,1011,964,1157,1060,1980,5173
2114,1624,1697,1433,1526,1551,2444,465,1189,917,2441,2184,1496,1884,1472,1569,2099,2108,1586,1596,1427,871,2091,129,1177,1683,1594,1607,1630,2011,2119,0,1162,2011,3045,1278,927,1197,1426,1428,2072,1336,1581,1716,1480,908,425,1202,1745,1444,1453,1823,2099,1017,1909,1950,1743,2032,1648,1695,2232,1086,91,935,1788,2540,2230,974,1006,2270,2082,2444,1965,948,1410,2496,404,504,431,445,124,310,276,560,469,218,750,244,141,472,257,1005,513,238,292,84,570,110,516,615,2349,2073,772,520,1058,1044,498,1339,797,1123,805,108,567,2455,2379,1250,1578,3857,1512,3208,4078,2426,1043,1396,2471,1315,2569,988,1299,2390,1175,881,844,2351,1320,1127,935,950,956,638,1306,997,1027,883,923,1794,943,1045,1050,2032,1322,1673,1416,2204,1001,773,835,867,1024,1402,1243,2174,745,1291,1141,1877,1315,1761,1954,1857,1947,5399
1759,1269,1342,1702,577,1031,2247,849,1085,1598,2244,2408,2241,717,523,1214,1744,2316,1231,1073,478,351,1736,1061,285,734,967,658,1275,1656,2392,1162,0,1496,1967,561,473,248,296,711,1355,619,864,999,763,1267,1155,485,1028,727,736,1106,1584,1376,1455,1233,1026,1517,931,978,188,369,891,1294,1071,1863,1513,1333,824,1553,1567,1727,1248,494,693,1779,609,1118,736,964,1107,672,707,435,1083,1181,1711,1738,1457,777,1219,415,1127,1449,1503,1146,502,1093,949,436,1632,1356,832,1039,1118,1104,857,228,538,669,684,874,1042,1738,1662,533,861,3140,795,2491,3361,1709,1103,679,1754,471,1852,1048,582,2747,458,1240,641,2708,603,410,218,719,1016,997,852,876,906,762,802,1340,822,924,929,1315,188,956,699,1750,880,652,714,746,903,685,145,1457,562,574,91,1160,598,1044,1237,1140,1432,4945
1411,921,994,1354,229,1884,1899,1698,1385,1250,1896,2060,1893,369,175,866,1396,1968,883,725,130,1204,1388,1910,1207,386,619,310,927,1308,2044,2011,1496,0,2563,873,785,560,419,1023,1667,931,1176,1311,1075,1579,1467,797,1340,1039,1048,1418,86,1688,1427,1545,1338,19,1243,1290,219,681,1203,1606,1383,2175,1825,1645,1136,1865,69,2039,1560,806,435,2091,921,1430,1048,1276,1419,984,1019,747,1395,1493,2023,2050,1769,1089,1531,727,1439,1761,1815,1458,814,1405,1261,748,1944,1668,1144,1351,1430,1416,1169,301,850,641,1476,1186,1354,2050,1974,845,1173,3452,1107,2803,3673,2021,1415,991,2066,783,2164,1360,894,3059,770,1552,953,3020,915,722,530,1031,1328,1309,824,1100,1501,1554,1594,1312,1417,1519,1524,1627,261,1268,1011,1722,1007,1444,1506,1538,1498,997,341,1769,874,886,439,1472,910,1356,1549,1452,1465,4917
762,1392,1465,1825,1750,2918,453,2732,2419,2284,450,614,2364,1652,1930,1337,747,522,1354,1364,1885,2238,739,2944,1678,1420,1362,2065,1398,829,598,3045,1967,2563,0,1449,1626,2394,2253,1516,249,1290,1042,1177,941,2657,2782,1373,1206,1532,1541,1284,1920,1904,2162,1072,1204,1853,1109,1156,2053,1759,2285,2684,1249,2041,629,1861,2214,497,1903,573,1087,1647,2269,625,2003,2508,2130,2358,2501,2066,2101,1829,2473,2575,2999,3026,2518,2171,2609,1809,2517,2839,2439,2441,1896,2487,2343,1830,478,331,2222,2433,2508,2494,2247,2135,1691,1822,2471,2268,2436,584,508,1634,1682,1986,1600,1337,2207,555,2493,1484,600,1464,698,2438,1972,3012,1848,2630,2031,2973,1993,1800,1608,2109,2406,2387,2005,2663,2395,2549,2589,2240,2345,2489,2494,1493,2095,1134,1113,2331,2346,2439,2501,2533,2398,1356,2175,573,1715,1245,2273,1338,1269,1222,1415,1318,1768,4961
1186,302,494,153,1054,1147,1516,965,1363,420,1513,1256,216,956,1050,465,1171,1180,341,668,1005,467,1163,1177,487,1261,666,1185,702,1083,1191,1278,561,873,1449,0,527,533,686,148,1138,596,647,568,546,1558,1683,75,597,164,173,889,1367,805,1509,802,809,1300,500,761,1500,660,1186,1585,854,1432,1296,762,463,1336,1350,1510,817,548,670,1562,904,1409,1031,1259,1402,967,1002,730,1374,1476,1900,1927,1419,1072,1510,710,1418,1740,1340,1342,797,1388,1244,731,1415,1139,1123,1334,1409,507,1148,1582,592,723,979,1169,1337,1521,1445,281,314,2923,232,2274,3144,1492,621,116,1537,265,1635,1339,873,3038,749,1531,932,2999,447,701,509,505,489,1288,906,1171,1583,1057,1097,1394,1117,1601,1606,884,1542,739,482,1804,1089,947,1009,1041,1580,662,579,1240,616,551,593,729,575,613,806,923,1215,4999
1363,873,946,682,1231,800,1693,614,584,166,1690,1433,745,1133,1411,818,1348,1357,835,845,1366,120,1340,826,426,1173,843,1546,879,1260,1368,927,473,785,1626,527,0,659,888,890,1534,798,1043,1178,942,1446,1545,664,1207,906,915,1369,1256,1555,1066,1412,1449,1189,1110,1495,1389,548,1048,1473,1402,2042,1692,1512,1003,1732,1239,2389,1427,21,872,2441,766,1297,893,1121,1264,829,864,592,1262,1338,1762,1789,1281,934,1398,572,1306,1628,1202,1204,659,1250,1106,593,2294,1535,1011,1196,1297,1283,1036,1471,65,280,1115,1031,1199,2400,2324,712,1040,3319,974,2670,3540,2371,1282,858,2416,777,2514,1227,761,2926,637,1419,820,2887,782,589,397,898,1195,1176,463,739,1140,1193,1233,951,1056,1158,1163,1494,1431,1135,878,1361,646,1083,1145,1177,1137,864,705,1636,89,753,603,1339,777,1223,1416,1334,1104,4556
1973,1483,1556,688,791,1066,2461,884,1299,415,2458,2622,751,931,737,1428,1958,2530,1445,1287,692,386,1950,1096,99,948,1181,872,1489,1870,2606,1197,248,560,2394,533,659,0,293,538,1063,244,572,707,471,1343,1231,312,736,554,563,814,1292,1452,1309,941,734,1225,639,686,264,445,986,1370,779,1571,1221,1409,900,1261,1275,1435,956,348,309,1487,704,1194,831,1059,1202,767,802,530,1159,1276,1700,1727,1219,872,1295,510,1203,1525,1140,1142,597,1188,1044,531,1340,1064,908,1134,1194,1180,933,238,392,523,779,969,1137,1446,1370,609,937,2848,622,2199,3069,1417,1179,506,1462,425,1560,1124,658,2823,534,1316,717,2784,679,486,294,795,1092,1073,706,971,1383,857,897,1194,917,1401,1406,1023,221,664,407,1604,889,747,809,841,1380,393,142,1165,416,282,156,868,306,752,945,848,1140,4799
1134,644,717,761,650,1295,2320,1113,1158,644,2317,1204,824,790,596,589,1119,1128,606,431,551,615,1111,1325,296,807,342,349,650,1031,1139,1426,296,419,2253,686,888,293,0,1018,1038,89,547,682,446,1586,1474,804,711,1034,1043,455,563,1695,1434,916,375,496,614,327,200,688,1210,1613,420,1546,1196,1652,1143,1236,546,1410,931,885,15,1462,928,1437,1055,1283,1426,991,1026,754,1402,1500,2030,2057,1776,1096,1538,734,1446,1768,1822,1465,821,1412,1268,755,1315,1039,1151,1358,1437,1423,1176,117,929,648,1483,1193,1361,1421,1345,852,1180,2823,1548,2174,3044,1392,1422,986,1437,702,1535,1367,901,3066,777,1559,960,3027,922,729,537,1038,1335,1316,831,1107,1508,1561,1601,1319,1424,1526,1531,998,180,262,382,1729,1014,1451,1513,1545,1505,270,153,1140,953,159,203,843,183,727,920,489,411,4924
1253,427,619,21,1118,1297,1583,1115,1513,570,1580,1323,84,1020,1298,590,1238,1247,466,732,1253,617,1230,1327,637,1411,730,1433,654,1150,1258,1428,711,1023,1516,148,890,538,1018,0,1208,666,717,638,616,1708,1833,225,667,32,41,959,1437,955,1659,872,879,1370,570,831,1570,810,1336,1735,924,976,1366,912,316,1406,1420,1580,887,698,740,1632,1054,1559,1181,1409,1552,1117,1152,880,1524,1626,2050,2077,1569,1222,1660,860,1568,1890,1490,1492,947,1538,1394,881,1485,1209,531,1484,677,375,1298,1652,742,873,1129,1319,1487,1591,1515,373,167,2993,100,2344,3214,1562,489,90,1607,415,1705,669,546,2272,899,1681,449,2233,355,851,659,405,342,1438,1056,1321,1733,1207,1247,1544,1267,1751,1756,670,1612,809,552,1954,1239,1097,1159,1191,1730,732,729,1310,766,621,1790,799,645,683,876,993,1285,5149
288,780,853,1213,1138,1941,661,1759,2157,2599,139,113,1752,1040,1318,725,273,211,742,752,1273,1261,265,1971,1066,1735,750,1453,786,355,124,2072,1355,1667,249,1138,1534,1063,1038,1208,0,983,735,870,634,2350,2475,1066,899,1225,1234,977,2034,1597,2276,535,897,1967,802,849,2167,1452,1978,2377,942,1734,457,1554,1907,325,2017,687,550,1340,1074,739,1696,2201,1823,2051,2194,1759,1794,1522,2166,2268,2692,2719,2211,1864,2302,1502,2210,2532,2132,2134,1589,2180,2036,1523,592,159,1915,2126,2201,2187,1940,2249,1384,1515,1771,1961,2129,698,622,1327,1375,2100,1293,1451,2321,669,2186,1177,714,1157,812,2131,1665,3126,1541,2323,1724,3087,1686,1493,1301,1802,2099,2080,1698,1963,2509,1849,1889,2354,2459,2603,2608,1186,2209,827,806,2445,2460,1739,1801,1833,2512,1049,2289,401,1408,938,2387,1031,962,915,1108,1011,1882,5075
1027,537,610,671,1162,1205,1357,1023,1421,554,1354,1097,734,629,1108,482,1012,1021,499,341,1063,525,1004,1235,247,1319,339,363,543,924,1032,1336,619,931,1290,596,798,244,89,666,983,0,457,592,356,1593,1481,562,621,944,953,699,1177,1702,1591,826,619,1110,524,571,290,695,1236,1620,664,1456,1106,1659,1150,1146,1160,1320,841,598,73,1372,954,1444,1081,1309,1452,1017,1052,780,1409,1526,1950,1977,1469,1122,1545,760,1453,1775,1390,1392,847,1438,1294,781,1225,949,1158,1384,1444,1430,1183,207,642,773,1029,1219,1387,1331,1255,887,1094,2733,1458,2084,2954,1302,1429,896,1347,717,1445,1374,908,2752,784,1566,967,2713,929,736,544,1045,1342,1323,956,1221,2197,1107,1147,1444,1167,1651,1656,908,270,549,292,2133,1139,997,1059,1091,2200,180,226,1050,666,69,272,753,93,637,830,733,1025,5081
779,289,362,722,582,1450,1109,1268,1666,799,1106,849,1261,484,762,234,764,773,251,93,717,770,756,1480,575,1010,194,897,295,676,784,1581,864,1176,1042,647,1043,572,547,717,735,457,0,473,237,2233,2121,543,502,825,834,262,740,2342,1154,707,182,673,405,134,873,1335,1857,2260,227,1337,987,2299,1790,1027,723,1201,722,817,359,1253,1575,2084,1702,1930,2073,1638,1673,1401,2049,2147,2677,2704,2423,1743,2185,1381,2093,2415,2469,2112,1468,2059,1915,1402,1106,830,1798,2005,2084,2070,1823,955,861,1295,1836,1840,2008,1212,1136,804,1827,2614,1339,1965,2835,1183,2069,777,1228,634,1326,2014,1548,3713,1424,2206,1607,3674,1569,1376,1184,1685,1982,1963,1478,2028,1760,1914,1954,1605,1710,1854,1859,789,915,112,132,1696,1711,1804,1866,1898,1763,375,995,931,885,264,1093,634,288,518,711,296,588,4644
914,210,87,643,782,1585,1244,1403,1801,934,1241,984,986,684,962,254,899,908,172,396,917,905,891,1615,710,1210,394,1097,216,811,919,1716,999,1311,1177,568,1178,707,682,638,870,592,473,0,275,1991,2116,707,28,751,760,618,1096,1238,1510,233,538,1029,229,490,1229,1093,1619,2018,583,1023,462,1195,1548,551,1079,1239,248,981,715,1291,1337,1842,1464,1692,1835,1400,1435,1163,1807,1909,2333,2360,1852,1505,1943,1143,1851,2173,1773,1775,1230,1821,1677,1164,1144,357,1556,1767,1842,1290,1581,1311,1025,1156,1412,1602,1770,1250,1174,968,901,2652,1025,2003,2873,1221,1827,703,1266,798,1364,1772,1306,2319,1182,1964,1365,2280,1327,1134,942,1443,1740,1721,1339,1604,2016,1490,1530,1827,1550,2034,2039,475,1271,468,447,2237,1522,1380,1442,1474,2013,690,1351,425,1049,579,1449,160,603,44,77,652,944,5000
678,188,261,621,502,1349,1008,1167,1565,698,1005,748,1160,404,682,133,663,672,150,116,637,669,655,1379,474,930,114,817,194,575,683,1480,763,1075,941,546,942,471,446,616,634,356,237,275,0,1760,1885,476,309,632,641,343,821,1007,1235,514,263,754,212,215,954,862,1388,1787,308,1144,794,964,1317,834,804,1008,529,750,440,1060,1106,1611,1233,1461,1604,1169,1204,932,1576,1678,2102,2129,1621,1274,1712,912,1620,1942,1542,1544,999,1590,1446,933,913,637,1325,1536,1611,1597,1350,1036,794,925,1181,1371,1539,1019,943,737,782,2421,1146,1772,2642,990,1596,584,1035,567,1133,1541,1075,2440,951,1733,1134,2401,1096,903,711,1212,1509,1490,1108,1373,1841,1259,1299,1596,1319,1803,1808,596,996,193,172,1777,1291,1149,1211,1243,1782,415,1076,738,818,304,1174,441,328,325,518,377,669,4725
2394,1904,1977,1713,1810,550,2724,202,2077,1197,2721,2464,1776,1950,1756,1849,2379,2388,1866,1876,1711,394,2371,1017,1442,1967,1874,1891,1910,2291,2399,908,1267,1579,2657,1558,1446,1343,1586,1708,2350,1593,2233,1991,1760,0,1422,537,1080,779,788,1158,1438,125,1248,1285,1078,1371,983,1030,1571,756,925,43,1123,1915,1565,82,1211,1605,1421,1779,1300,287,745,1831,643,1501,770,998,1141,706,741,469,1466,1215,1639,1666,1158,240,1254,113,1510,1064,1079,1081,172,1127,983,470,1684,1408,1219,1073,1505,1491,1495,674,331,462,718,908,1076,1790,1714,822,929,3192,847,2543,3413,1761,1490,731,1806,650,1904,1435,969,3387,845,165,1028,3348,990,797,605,1106,1403,1635,645,910,1322,796,836,1133,1238,1340,1345,1367,1613,1008,751,1543,828,686,748,780,1319,737,578,1509,355,626,476,1212,650,1096,1289,1192,1286,4738
2519,2029,2102,1838,1698,67,2849,870,1594,1322,2846,2589,1901,1838,1644,1974,2504,2513,1991,2001,1599,1276,2496,534,1330,1855,1999,1779,2035,2416,2524,425,1155,1467,2782,1683,1545,1231,1474,1833,2475,1481,2121,2116,1885,1422,0,1003,1546,1245,1254,1624,1904,591,1714,1751,1544,1837,1449,1496,2037,1222,1391,509,1589,2381,2031,548,951,2071,1887,2245,1766,753,1211,2297,1109,333,1236,1464,1607,1172,1207,935,298,486,2105,2132,629,723,434,579,342,621,675,1547,655,1593,1449,936,2150,1874,717,1539,1003,989,72,1140,797,928,1184,1374,1542,2256,2180,1288,1395,3658,1313,3009,3879,2227,988,1197,2272,1116,2370,933,1435,2335,1311,455,789,2296,1456,1263,1071,895,901,212,1111,1376,1788,1262,1302,1599,1704,1806,1811,1833,2079,1474,1217,2009,1294,1152,1214,1246,1785,1203,1044,1975,821,1092,942,1678,1116,1562,1755,1658,1752,5204
1110,620,693,230,978,1071,1440,889,1287,322,1437,1180,293,880,974,565,1095,1104,582,592,929,391,1087,1101,411,1185,590,1109,626,1007,1115,1202,485,797,1373,75,664,312,804,225,1066,562,543,707,476,537,1003,0,513,241,250,805,1623,729,1433,718,725,1556,416,677,1756,584,1110,1509,770,1348,1212,686,540,1252,1606,1426,733,472,670,1478,828,1333,955,1183,1326,891,926,654,1298,1400,1824,1851,1343,996,1434,634,1342,1664,1264,1266,721,1312,1168,655,1331,1055,1047,1258,1333,584,1072,1838,516,647,903,1093,1261,1437,1361,334,391,2839,309,2190,3060,1408,1318,193,1453,189,1551,1263,797,2962,673,1455,856,2923,818,625,433,934,566,1212,830,1095,1507,981,1021,1318,1041,1525,1530,800,1798,655,398,1728,1013,871,933,965,1504,662,503,1156,540,551,517,645,575,529,722,839,1471,4923
943,239,116,672,811,1614,1273,1432,1830,963,1270,1013,1015,713,991,163,928,937,201,425,946,934,920,1644,739,1239,423,1126,98,414,948,1745,1028,1340,1206,597,1207,736,711,667,899,621,502,28,309,1080,1546,513,0,1137,1146,1106,1584,1726,1998,204,1026,1517,904,978,1717,1581,2107,2506,1071,1189,433,1683,2036,522,1567,1727,219,1469,1203,1779,1825,2330,1952,2180,2323,1888,1923,1651,2295,2397,2821,2848,2340,1993,2431,1631,2339,2661,2261,2263,1718,2309,2165,1652,1632,328,2044,2255,2330,1456,2069,1799,1513,1644,1900,2090,2258,1738,1662,1456,1287,3140,1191,2491,3361,1709,2315,1089,1754,1286,1852,2260,1794,2485,1670,2452,1853,2446,1815,1622,1430,1931,2228,2209,1827,2092,2504,1978,2018,2315,2038,2522,2527,641,1759,956,935,2725,2010,1868,1930,1962,2501,1178,1839,396,1537,1067,1937,131,1091,15,303,1140,1432,5488
